king = [0.50451, 0.68607, -0.59517, -0.022801, 0.60046, -0.13498, -0.08813, 0.47377, -0.61798, -0.31012, -0.076666, 1.493, -0.034189, -0.98173, 0.68229, 0.81722, -0.51874, -0.31503, -0.55809, 0.66421, 0.1961, -0.13495, -0.11476, -0.30344, 0.41177, -2.223, -1.0756, -1.0783, -0.34354, 0.33505, 1.9927, -0.04234, -0.64319, 0.71125, 0.49159, 0.16754, 0.34344, -0.25663, -0.8523, 0.1661, 0.40102, 1.1685, -1.0137, -0.21585, -0.15155, 0.78321, -0.91241, -1.6106, -0.64426, -0.51042]
queen = [0.37854, 1.8233, -1.2648, -0.1043, 0.35829, 0.60029, -0.17538, 0.83767, -0.056798, -0.75795, 0.22681, 0.98587, 0.60587, -0.31419, 0.28877, 0.56013, -0.77456, 0.071421, -0.5741, 0.21342, 0.57674, 0.3868, -0.12574, 0.28012, 0.28135, -1.8053, -1.0421, -0.19255, -0.55375, -0.054526, 1.5574, 0.39296, -0.2475, 0.34251, 0.45365, 0.16237, 0.52464, -0.070272, -0.83744, -1.0326, 0.45946, 0.25302, -0.17837, -0.73398, -0.20025, 0.2347, -0.56095, -2.2839, 0.0092753, -0.60284]
man = [-0.094386, 0.43007, -0.17224, -0.45529, 1.6447, 0.40335, -0.37263, 0.25071, -0.10588, 0.10778, -0.10848, 0.15181, -0.65396, 0.55054, 0.59591, -0.46278, 0.11847, 0.64448, -0.70948, 0.23947, -0.82905, 1.272, 0.033021, 0.2935, 0.3911, -2.8094, -0.70745, 0.4106, 0.3894, -0.2913, 2.6124, -0.34576, -0.16832, 0.25154, 0.31216, 0.31639, 0.12539, -0.012646, 0.22297, -0.56585, -0.086264, 0.62549, -0.0576, 0.29375, 0.66005, -0.53115, -0.48233, -0.97925, 0.53135, -0.11725]
woman = [-0.18153, 0.64827, -0.5821, -0.49451, 1.5415, 1.345, -0.43305, 0.58059, 0.35556, -0.25184, 0.20254, -0.71643, 0.3061, 0.56127, 0.83928, -0.38085, -0.90875, 0.43326, -0.014436, 0.23725, -0.53799, 1.7773, -0.066433, 0.69795, 0.69291, -2.6739, -0.76805, 0.33929, 0.19695, -0.35245, 2.292, -0.27411, -0.30169, 0.00085286, 0.16923, 0.091433, -0.02361, 0.036236, 0.34488, -0.83947, -0.25174, 0.42123, 0.48616, 0.022325, 0.5576, -0.85223, -0.23073, -1.3138, 0.48764, -0.10467]
father = [0.095496, 0.70418, -0.40777, -0.80844, 1.256, 0.77071, -1.0695, 0.76847, -0.87813, -0.0080954, 0.43884, 1.0476, -0.45071, -0.58931, 0.83246, -0.038442, -0.73533, 0.26389, 0.12617, 0.57623, -0.23866, 1.0922, -0.3367, 0.081537, 0.84798, -2.4795, -0.40351, -0.84087, 0.12034, 0.29074, 1.9711, -0.50886, -0.45977, -0.13617, 0.55613, 0.22924, -0.18947, 0.43544, 0.65151, 0.043537, -0.1162, 0.72196, -0.66163, -0.17272, 0.27367, -0.28169, -0.82025, -1.5089, 0.052787, -0.035579]
mother = [0.4336, 1.0727, -0.6196, -0.80679, 1.2519, 1.3767, -0.93533, 0.76088, -0.0056654, -0.063649, 0.30297, 0.52401, 0.2843, -0.38162, 0.98797, 0.093184, -1.1464, 0.070523, 0.58012, 0.50644, -0.24026, 1.7344, 0.020735, 0.43704, 1.2148, -2.2483, -0.41168, -0.24922, 0.31225, -0.49464, 2.0441, -0.012111, -0.19556, 0.085665, 0.27682, 0.015702, 0.0067683, 0.12759, 0.87008, -0.40641, -0.21057, 0.41651, -0.021812, -0.53649, 0.54095, -0.43442, -0.52489, -2.0277, 0.13136, 0.11704]
bull = [0.1065, 0.020515, -0.35551, -0.33065, 0.23404, 0.39012, -0.7227, -0.48439, 0.1725, -0.067875, 0.51674, 0.52708, -0.80756, -0.52447, 0.50179, -0.3329, 0.34159, 0.28196, -1.8992, -0.81172, -0.63171, -1.146, -0.36712, 0.39555, 0.042913, -1.2495, -0.47463, 0.0040891, -0.15646, -0.1492, 0.99445, 0.18606, -0.24028, 1.0116, -0.084991, -0.89205, -0.0015641, -0.52564, 0.19254, -0.049229, -0.27758, -0.15165, -0.75007, 0.4158, 1.0118, -0.49866, 0.4239, -0.87003, 0.57045, -0.26074]
cow = [0.61253, -0.48167, -0.74199, -0.55203, -0.007596, 1.6101, -0.88565, -0.81981, 1.5144, -0.22804, 0.55367, -0.18392, 0.7049, -0.36931, 1.0668, 1.1077, 0.19709, 0.24731, -0.68395, 0.5475, -0.038255, -0.78989, 0.61131, 0.31473, 0.50215, -1.6535, -0.42782, 1.0404, 0.29429, -0.36889, 1.3148, -0.18443, 0.092753, 0.77572, -0.54845, -0.14645, 0.51128, 0.047248, 0.41781, -0.18324, -0.44197, -0.25237, -0.3359, 0.3096, 1.9192, 0.3396, -0.27341, -0.01316, 0.64974, -0.85857]